color1=[0, 255, 0]
color2=[255, 0, 0]
color3=[0, 0, 255]
color4=[255, 255, 0]
color5=[255, 0, 255]
color6=[0, 255, 255]
color7=[255, 255, 255]
color8=[0, 0, 0]
color9=[28, 28, 28]
color10=[95, 255, 0]
color11=[95, 95, 95]
color12=[95, 175, 0]
color13=[175, 95, 175]
color14=[255, 95, 95]
color15=[0, 135, 0]
color16=[135, 135, 95]
color17=[135, 135, 215]
color18=[215, 215, 0]
color19=[255, 95, 135]
color20=[255, 0, 255]
color21=[135, 175, 175]
color22=[138, 138, 138]
color23=[78, 78, 78]
color24=[135, 215, 95]
color25=[175, 135, 255]
color26=[95, 0, 0]
color27=[175, 135, 215]
color28=[255, 135, 135]
color29=[255, 255, 255]
color30=[135, 0, 135]
color31=[175, 215, 175]
color32=[0, 95, 175]
color33=[0, 0, 215]
color34=[128, 128, 0]
color35=[255, 255, 95]
color36=[95, 95, 215]
color37=[215, 175, 0]
color38=[0, 255, 0]
color39=[215, 255, 95]
color40=[175, 215, 255]
color41=[0, 135, 175]
color42=[135, 135, 0]
color43=[255, 255, 0]
color44=[0, 255, 255]
color45=[0, 215, 215]
color46=[255, 0, 175]
color47=[95, 215, 135]
color48=[0, 95, 135]
color49=[175, 95, 255]
color50=[192, 192, 192]
color51=[0, 95, 0]
color52=[135, 0, 255]
color53=[95, 135, 0]
color54=[175, 95, 135]
color55=[175, 175, 255]
color56=[255, 215, 135]
color57=[175, 0, 95]
color58=[135, 135, 135]
color59=[215, 0, 255]
color60=[215, 95, 175]
color61=[135, 255, 255]
color62=[175, 135, 0]
color63=[95, 95, 135]
color64=[215, 135, 255]
color65=[95, 255, 135]
color66=[0, 0, 95]
color67=[175, 255, 255]
color68=[0, 95, 215]
color69=[175, 175, 0]
color70=[0, 175, 175]
color71=[128, 0, 128]
color72=[0, 215, 135]
color73=[135, 95, 255]
color74=[95, 135, 215]
color75=[0, 175, 135]
color76=[68, 68, 68]
color77=[175, 175, 95]
color78=[95, 135, 175]
color79=[38, 38, 38]
color80=[215, 215, 135]
color81=[95, 175, 95]
color82=[135, 215, 0]
color83=[135, 255, 175]
color84=[255, 135, 255]
color85=[135, 175, 255]
color86=[175, 0, 215]
color87=[215, 175, 255]
color88=[175, 135, 175]
color89=[135, 0, 175]
color90=[0, 215, 0]
color91=[0, 95, 95]
color92=[0, 175, 255]
color93=[0, 128, 0]
color94=[255, 175, 0]
color95=[175, 135, 135]
color96=[0, 135, 215]
color97=[0, 0, 0]
color98=[175, 255, 135]
color99=[215, 215, 95]
color100=[215, 255, 175]
color101=[255, 215, 215]
color102=[135, 95, 95]
color103=[175, 95, 95]
color104=[215, 175, 175]
color105=[135, 215, 175]
color106=[0, 0, 255]
color107=[238, 238, 238]
color108=[0, 215, 175]
color109=[95, 255, 95]
color110=[215, 95, 215]
color111=[0, 135, 255]
color112=[175, 215, 135]
color113=[135, 135, 255]
color114=[0, 255, 95]
color115=[95, 0, 255]
color116=[8, 8, 8]
color117=[95, 215, 175]
color118=[135, 0, 95]
color119=[255, 215, 175]
color120=[128, 128, 128]
color121=[255, 255, 215]
color122=[175, 255, 175]
color123=[215, 175, 135]
color124=[95, 175, 255]
color125=[135, 95, 175]
color126=[175, 0, 255]
color127=[0, 135, 95]
color128=[0, 95, 255]
color129=[0, 175, 95]
color130=[208, 208, 208]
color131=[98, 98, 98]
color132=[108, 108, 108]
color133=[135, 255, 0]
color134=[95, 135, 135]
color135=[175, 0, 135]
color136=[255, 255, 255]
color137=[215, 175, 95]
color138=[0, 215, 95]
color139=[175, 255, 215]
color140=[95, 95, 255]
color141=[135, 215, 255]
color142=[175, 215, 0]
color143=[118, 118, 118]
color144=[255, 255, 175]
color145=[168, 168, 168]
color146=[95, 135, 255]
color147=[188, 188, 188]
color148=[95, 215, 95]
color149=[135, 95, 0]
color150=[0, 255, 135]
color151=[135, 255, 95]
color152=[255, 0, 255]
color153=[255, 175, 215]
color154=[255, 175, 255]
color155=[255, 0, 0]
color156=[215, 95, 255]
color157=[0, 128, 128]
color158=[215, 95, 135]
color159=[175, 215, 215]
color160=[95, 95, 175]
color161=[95, 0, 215]
color162=[175, 175, 175]
color163=[0, 0, 135]
color164=[0, 175, 0]
color165=[215, 175, 215]
color166=[135, 255, 215]
color167=[215, 215, 215]
color168=[95, 215, 255]
color169=[95, 175, 215]
color170=[215, 0, 135]
color171=[215, 215, 175]
color172=[128, 128, 128]
color173=[158, 158, 158]
color174=[135, 215, 135]
color175=[255, 135, 0]
color176=[0, 255, 175]
color177=[218, 218, 218]
color178=[215, 215, 255]
color179=[255, 215, 255]
color180=[215, 0, 215]
color181=[175, 255, 95]
color182=[95, 215, 0]
color183=[95, 255, 215]
color184=[255, 95, 255]
color185=[0, 255, 0]
color186=[95, 0, 175]
color187=[215, 135, 0]
color188=[255, 0, 95]
color189=[88, 88, 88]
color190=[175, 0, 175]
color191=[95, 0, 135]
color192=[255, 0, 135]
color193=[0, 0, 128]
color194=[255, 135, 215]
color195=[215, 135, 175]
color196=[175, 95, 0]
color197=[135, 95, 135]
color198=[0, 255, 255]
color199=[255, 135, 95]
color200=[95, 175, 135]
color201=[255, 215, 95]
color202=[95, 135, 95]
color203=[215, 135, 135]
color204=[135, 175, 95]
color205=[215, 95, 95]
color206=[0, 0, 255]
color207=[135, 215, 215]
color208=[18, 18, 18]
color209=[135, 175, 215]
color210=[128, 0, 0]
color211=[0, 0, 175]
color212=[255, 255, 0]
color213=[255, 175, 135]
color214=[255, 0, 0]
color215=[255, 0, 215]
color216=[135, 0, 215]
color217=[215, 255, 255]
color218=[148, 148, 148]
color219=[255, 135, 175]
color220=[255, 95, 0]
color221=[198, 198, 198]
color222=[215, 255, 215]
color223=[215, 0, 95]
color224=[0, 175, 215]
color225=[255, 175, 175]
color226=[215, 135, 215]
color227=[0, 0, 0]
color228=[215, 0, 0]
color229=[175, 95, 215]
color230=[175, 135, 95]
color231=[255, 215, 0]
color232=[175, 215, 95]
color233=[215, 255, 135]
color234=[215, 0, 175]
color235=[175, 0, 0]
color236=[255, 175, 95]
color237=[135, 175, 0]
color238=[95, 0, 95]
color239=[175, 175, 135]
color240=[95, 255, 175]
color241=[255, 255, 135]
color242=[48, 48, 48]
color243=[95, 255, 255]
color244=[135, 255, 135]
color245=[215, 135, 95]
color246=[95, 175, 175]
color247=[95, 215, 215]
color248=[58, 58, 58]
color249=[228, 228, 228]
color250=[255, 95, 175]
color251=[95, 95, 0]
color252=[135, 175, 135]
color253=[175, 255, 0]
color254=[175, 175, 215]
color255=[0, 255, 215]
color256=[33, 140, 200]